
# Mars
X =-9.896568921296675E+06 Y =-2.190658350212752E+08 Z =-4.322382549423814E+06
VX= 2.513605781279345E+01 VY= 1.040003988840169E+00 VZ=-5.945100261370534E-01
MASS = 6.4171E+23
&
# Sol
X =-4.890799741884742E+05 Y =-8.279702924007790E+05 Z = 2.026849355639773E+04
VX= 1.255878216746213E-02 VY=-1.524842052108991E-04 VZ=-2.359008185818634E-04
MASS = 1988410E+24
&
# Earth
X = 4.575577566383760E+07 Y = 1.391850272186207E+08 Z = 1.130339790453762E+04
VX=-2.874557018277198E+01 VY= 9.223407604380508E+00 VZ=-9.395467259833978E-04
MASS = 5.97219E+24